A =
 [[3 1 2 3]
 [4 3 4 3]
 [3 2 1 5]
 [1 6 5 2]]

U =
 [[-0.3593326  -0.36767659  0.29605046 -0.80501437]
 [-0.56750746 -0.08799758  0.62845599  0.52462823]
 [-0.4428526  -0.56862492 -0.65902357  0.21502376]
 [-0.59388293  0.73057242 -0.28824492 -0.17459057]]

S =
 [12.22151125  4.92815942  2.06380839  0.29766152]

V =
 [[-0.43124523 -0.53273754 -0.52374556 -0.50587435]
 [-0.49315012  0.53052572  0.40520071 -0.5578152 ]
 [ 0.55075835 -0.41966021  0.48729169 -0.53206894]
 [ 0.51719991  0.50854546 -0.5692537  -0.38708653]]

Alice2D =
 [-0.62562864 -0.295158  ]

Alice4D =
 [-0.62562864 -0.295158   -0.20518073 -7.69146926]

PredictAliceEPL =
 5.354514697523497

Closest to Alice in 2D and 4D =
 0 2