A =
 [[1 2 3]
 [2 3 4]
 [4 5 6]
 [1 1 1]]

U =
 [[-0.33306893 -0.73220483  0.57543613 -0.1476971 ]
 [-0.48640367 -0.34110504 -0.56984703  0.56774394]
 [-0.79307315  0.44109455 -0.0055891  -0.42004684]
 [-0.15333474  0.39109979  0.58661434  0.69239659]]

S =
 [[1.10528306e+01 0.00000000e+00 0.00000000e+00]
 [0.00000000e+00 9.13748280e-01 0.00000000e+00]
 [0.00000000e+00 0.00000000e+00 5.00674393e-16]]

V =
 [[-0.41903326 -0.56492763 -0.71082199]
 [ 0.81101447  0.11912225 -0.57276996]
 [ 0.40824829 -0.81649658  0.40824829]]